0 -71.5382595 -16.3927999
1 -71.5397588 -16.3958715
2 -71.5390436 -16.3943337
3 -71.5406044 -16.3922555
4 -71.5396258 -16.3957708
5 -71.5397526 -16.392622
6 -71.5394528 -16.3925985
7 -71.5365276 -16.3962067
8 -71.535904 -16.3944914
9 -71.5412538 -16.3934626
10 -71.5429306 -16.3935121
11 -71.5439532 -16.3934681
12 -71.5428461 -16.4023706
13 -71.5400942 -16.4056874
14 -71.5455556 -16.4126853
15 -71.5442525 -16.4221575
16 -71.545711 -16.4213098
17 -71.5368613 -16.3970824
18 -71.5357008 -16.3939332
19 -71.5354481 -16.3933344
20 -71.5351452 -16.3931231
21 -71.537052 -16.3925391
22 -71.5363805 -16.3930482
23 -71.5420917 -16.3999551
24 -71.5360857 -16.3949866
25 -71.5364693 -16.3960326
26 -71.5407441 -16.3964679
27 -71.540668 -16.3966854
28 -71.5371696 -16.3927608
29 -71.5395689 -16.3920033
30 -71.5475248 -16.3971242
31 -71.5475578 -16.3972329
32 -71.5424577 -16.3997158
33 -71.5418442 -16.3990897
34 -71.5424806 -16.4006325
35 -71.5419226 -16.3994833
36 -71.5418079 -16.3983995
37 -71.5427535 -16.4024061
38 -71.545107 -16.412141
39 -71.5514714 -16.4083481
40 -71.5456971 -16.4211475
41 -71.5472096 -16.40594
42 -71.5462255 -16.4042329
43 -71.5465436 -16.4048443
44 -71.5424846 -16.4043244
45 -71.5427896 -16.4047297
46 -71.542448 -16.4045818
47 -71.542612 -16.4042369
48 -71.5472663 -16.4025645
49 -71.5429374 -16.4043571
50 -71.5474867 -16.4031616
51 -71.5478567 -16.4023672
52 -71.5498646 -16.4000676
53 -71.5493073 -16.4037069
54 -71.5490933 -16.4024326
55 -71.5509265 -16.4026654
56 -71.5512262 -16.4025458
57 -71.5508085 -16.4015608
58 -71.5464353 -16.4003179
59 -71.5457276 -16.3979937
60 -71.5456859 -16.3978875
61 -71.5463845 -16.3996793
62 -71.5514614 -16.4028382
63 -71.5513499 -16.402882
64 -71.5506166 -16.4166227
65 -71.5435595 -16.404095
66 -71.5434762 -16.4041309
67 -71.5381194 -16.4200957
68 -71.5404591 -16.4208682
69 -71.5347649 -16.417624
70 -71.5414472 -16.4214134
71 -71.5343086 -16.3968025
72 -71.5332068 -16.3971967
73 -71.5325669 -16.39861
74 -71.5314002 -16.391951
75 -71.5323625 -16.3918845
76 -71.5317896 -16.3939176
77 -71.5336573 -16.3934197
78 -71.5317367 -16.3935228
79 -71.5314024 -16.3918844
80 -71.5307318 -16.3916436
81 -71.530692 -16.3917021
82 -71.5306669 -16.3924386
83 -71.5306441 -16.3934902
84 -71.5315156 -16.3924223
85 -71.5293583 -16.3934083
86 -71.546502 -16.4005144
87 -71.5445806 -16.3985992
88 -71.5338353 -16.3933738
89 -71.5426316 -16.3964002
90 -71.5321428 -16.3975711
91 -71.5314637 -16.3990112
92 -71.5284137 -16.3938503
93 -71.5310208 -16.3979809
94 -71.5404998 -16.4054799
95 -71.5405656 -16.4043258
96 -71.5430625 -16.4033138
97 -71.5336362 -16.3982212
98 -71.5323181 -16.3950766
99 -71.5473697 -16.3974032
100 -71.5497782 -16.4174804
101 -71.5455976 -16.4210432
102 -71.5443831 -16.4224562
103 -71.5442546 -16.4224562
104 -71.5504453 -16.4169441
105 -71.5500761 -16.4177639
106 -71.5582346 -16.4272805
107 -71.55816 -16.4273419
108 -71.554139 -16.4135682
109 -71.563005 -16.4320415
110 -71.518726 -16.403876
111 -71.5380008 -16.400145
112 -71.5499623 -16.4019904
113 -71.5364608 -16.4093948
114 -71.5350429 -16.4046928
115 -71.5384937 -16.3964549
116 -71.5334034 -16.4082854
117 -71.5461577 -16.3990815
118 -71.5495275 -16.4042227
119 -71.5279979 -16.4130023
120 -71.5342155 -16.4169436
121 -71.5369674 -16.4005453
122 -71.5293945 -16.3973352
123 -71.543504 -16.4140604
124 -71.5445181 -16.408513
125 -71.5294338 -16.4139184
126 -71.5399633 -16.4112959
127 -71.5372268 -16.3851501
128 -71.5517694 -16.4055064
129 -71.5501226 -16.4101795
130 -71.5490895 -16.408318
131 -71.5486203 -16.3994187
132 -71.5331565 -16.4168338
133 -71.5373912 -16.4091773
134 -71.5239577 -16.3980728
135 -71.5430318 -16.4054032
136 -71.5605935 -16.4298576
137 -71.5415099 -16.400163
138 -71.5359224 -16.4089608
139 -71.5493437 -16.4165508
140 -71.5464404 -16.4109838
141 -71.5288491 -16.4146442
142 -71.5303285 -16.4032297
143 -71.5404317 -16.4150915
144 -71.526739 -16.408125
145 -71.5183076 -16.4016966
146 -71.5451522 -16.4016359
147 -71.5444199 -16.4082889
148 -71.5266699 -16.4059866
149 -71.5361464 -16.4042962
150 -71.5403624 -16.4209332
151 -71.5394531 -16.4008255
152 -71.5466922 -16.3988799
153 -71.5477363 -16.4190835
154 -71.5290874 -16.4142681
155 -71.5390826 -16.3997805
156 -71.5493931 -16.4022831
157 -71.5352592 -16.4128068
158 -71.5387272 -16.4076301
159 -71.5196351 -16.4039508
160 -71.5301442 -16.3902124
161 -71.5449306 -16.4105753
162 -71.5265763 -16.3961967
163 -71.5182955 -16.4068661
164 -71.5406237 -16.4147966
165 -71.538098 -16.4201881
166 -71.5495812 -16.3996813
167 -71.5367851 -16.4029884
168 -71.5338698 -16.4167202
169 -71.5419474 -16.4069318
170 -71.537626 -16.3991278
171 -71.5356233 -16.4075409
172 -71.5285846 -16.4085374
173 -71.5314205 -16.3905772
174 -71.5405463 -16.4004842
175 -71.5342757 -16.4088633
176 -71.5434744 -16.4086912
177 -71.531828 -16.4114135
178 -71.5405263 -16.4203972
179 -71.5437174 -16.3980686
180 -71.5264762 -16.406313
181 -71.526817 -16.4072778
182 -71.5294231 -16.4024946
183 -71.5266352 -16.4095607
184 -71.5307723 -16.4058546
185 -71.5377593 -16.4026135
186 -71.5456757 -16.3956736
187 -71.5218113 -16.4041995
188 -71.537713 -16.4193079
189 -71.5249681 -16.4066882
190 -71.5395473 -16.4149508
191 -71.5393625 -16.4038118
192 -71.5475582 -16.3999684
193 -71.5239683 -16.4106053
194 -71.5311129 -16.4073523
195 -71.5520613 -16.4112627
196 -71.5384962 -16.4120543
197 -71.5322183 -16.4062779
198 -71.5339691 -16.4077109
199 -71.5289858 -16.4088106
200 -71.5344489 -16.4098111
201 -71.5280461 -16.4048537
202 -71.5314464 -16.4118484
203 -71.5369632 -16.3941436
204 -71.5256664 -16.4060212
205 -71.5221142 -16.4000049
206 -71.5411121 -16.4030677
207 -71.5284551 -16.4119822
208 -71.5297983 -16.4069426
209 -71.5354274 -16.4124921
210 -71.534333 -16.4149176
211 -71.563503 -16.4322463
212 -71.5293661 -16.4051509
213 -71.53488 -16.4012861
214 -71.5283706 -16.4003034
215 -71.5489288 -16.4181767
216 -71.541262 -16.4121868
217 -71.518505 -16.4034302
218 -71.5400734 -16.3994076
219 -71.5358172 -16.4083606
220 -71.5290871 -16.3944368
221 -71.5196081 -16.4085417
222 -71.5225197 -16.3989635
223 -71.5304994 -16.396927
224 -71.5289195 -16.4070098
225 -71.5289543 -16.4047941
226 -71.5333713 -16.4006949
227 -71.5257073 -16.4029332
228 -71.5291853 -16.4091625
229 -71.5389161 -16.4078515
230 -71.5375781 -16.395807
231 -71.5371187 -16.4122891
232 -71.5631341 -16.4317271
233 -71.5306239 -16.4034595
234 -71.542522 -16.41725
235 -71.5324865 -16.4084806
236 -71.5382876 -16.4133666
237 -71.5209784 -16.4054013
238 -71.5433563 -16.4062629
239 -71.5404474 -16.4079887
240 -71.5316573 -16.4058389
241 -71.5476148 -16.4108607
242 -71.5335375 -16.4165068
243 -71.5507423 -16.4185675
244 -71.5284846 -16.4044074
245 -71.5406699 -16.4022711
246 -71.5447288 -16.4089399
247 -71.5251857 -16.4064928
248 -71.5394259 -16.4100474
249 -71.5523479 -16.4034998
250 -71.5264236 -16.4024748
251 -71.5307458 -16.3884452
252 -71.5470361 -16.4001274
253 -71.5330599 -16.4069091
254 -71.5416678 -16.4131739
255 -71.5384574 -16.4117891
256 -71.5242211 -16.4078826
257 -71.5184719 -16.4035144
258 -71.5303891 -16.4113005
259 -71.5455419 -16.4014249
260 -71.5458631 -16.3955769
261 -71.5360352 -16.4069777
262 -71.5475325 -16.4240168
263 -71.5409266 -16.4009723
264 -71.5337767 -16.4060535
265 -71.5271337 -16.4075071
266 -71.5511027 -16.4208004
267 -71.5244922 -16.4019384
268 -71.5258801 -16.4124036
269 -71.5367185 -16.4095643
270 -71.5462516 -16.3977654
271 -71.5387194 -16.4203947
272 -71.5297161 -16.4081388
273 -71.538116 -16.3877932
274 -71.5446824 -16.4002897
275 -71.5237093 -16.4089643
276 -71.5350245 -16.4133718
277 -71.5454033 -16.4147272
278 -71.5322143 -16.4096051
279 -71.5390333 -16.411355
280 -71.5488661 -16.418103
281 -71.5630709 -16.4317932
282 -71.5363378 -16.4139981
283 -71.5359573 -16.3923185
284 -71.5379821 -16.4073453
285 -71.5338903 -16.3957672
286 -71.5151229 -16.407855
287 -71.5452098 -16.3966733
288 -71.5285974 -16.413088
289 -71.5276921 -16.4061648
290 -71.5187485 -16.405823
291 -71.539432 -16.4067269
292 -71.5317376 -16.4043635
293 -71.5404282 -16.4139958
294 -71.5503819 -16.4066257
295 -71.5369132 -16.4112
296 -71.5462138 -16.3976639
297 -71.5264541 -16.4080407
298 -71.5383147 -16.3977077
299 -71.5347363 -16.4177014
300 -71.5331082 -16.4030935
301 -71.528655 -16.4108062
302 -71.5390522 -16.4134609
303 -71.5376882 -16.4124936
304 -71.5437452 -16.4060697
305 -71.5383932 -16.4079206
306 -71.5323174 -16.4048553
307 -71.5363576 -16.3846802
308 -71.5168977 -16.4026374
309 -71.5365573 -16.405365
310 -71.5284757 -16.409027
311 -71.5333878 -16.4057396
312 -71.5363591 -16.4019426
313 -71.5273044 -16.4068703
314 -71.5367353 -16.393573
315 -71.5482493 -16.3990092
316 -71.5217899 -16.4030116
317 -71.52607 -16.4055786
318 -71.5284665 -16.401707
319 -71.5247426 -16.4112435
320 -71.5364296 -16.4127686
321 -71.5420316 -16.4026931
322 -71.5326277 -16.4104709
323 -71.5163618 -16.4078121
324 -71.5332727 -16.4108256
325 -71.5470385 -16.4019473
326 -71.526522 -16.4084
327 -71.5471722 -16.3962618
328 -71.5283716 -16.4119638
329 -71.5285464 -16.4134652
330 -71.5483221 -16.407276
331 -71.5272308 -16.4063519
332 -71.5224823 -16.4097677
333 -71.5275305 -16.4009827
334 -71.5409013 -16.4119249
335 -71.5380901 -16.3954328
336 -71.5329258 -16.4167658
337 -71.5451722 -16.4001117
338 -71.5384521 -16.4070688
339 -71.5284333 -16.4076392
340 -71.5204352 -16.4039106
341 -71.5323015 -16.4011063
342 -71.5439093 -16.4140305
343 -71.5441662 -16.4097058
344 -71.5484695 -16.3982517
345 -71.5310706 -16.3991379
346 -71.5388403 -16.4024089
347 -71.5368831 -16.4128776
348 -71.5373709 -16.3933475
349 -71.5341411 -16.4077811
350 -71.5318888 -16.4000112
351 -71.5403273 -16.4115381
352 -71.5442739 -16.4046832
353 -71.5190222 -16.4084854
354 -71.5354348 -16.4055541
355 -71.5470719 -16.4103904
356 -71.5247804 -16.4083249
357 -71.5210301 -16.4014771
358 -71.5392424 -16.4082628
359 -71.5314468 -16.404127
360 -71.5357261 -16.4117828
361 -71.5236731 -16.410378
362 -71.5391797 -16.4206351
363 -71.5224466 -16.3996191
364 -71.5413372 -16.4214929
365 -71.5308628 -16.409589
366 -71.5297599 -16.4048936
367 -71.536765 -16.383769
368 -71.5271765 -16.408624
369 -71.5384723 -16.4044927
370 -71.5280184 -16.4141335
371 -71.5359379 -16.3912145
372 -71.5371241 -16.3946193
373 -71.5250648 -16.409158
374 -71.5470626 -16.4236875
375 -71.5292951 -16.4088727
376 -71.5176677 -16.4083745
377 -71.5347388 -16.4068295
378 -71.5438461 -16.3987206
379 -71.5209205 -16.4043132
380 -71.551109 -16.4159062
381 -71.5274469 -16.404358
382 -71.5229904 -16.4100391
383 -71.5365244 -16.3909978
384 -71.5296373 -16.400384
385 -71.5263084 -16.4099776
386 -71.540182 -16.4121362
387 -71.5319464 -16.3907883
388 -71.5357584 -16.4140333
389 -71.54204 -16.3974976
390 -71.5288708 -16.4121187
391 -71.5461733 -16.4015175
392 -71.545659 -16.4030993
393 -71.534375 -16.404946
394 -71.5208711 -16.4049856
395 -71.5301094 -16.4045888
396 -71.5241972 -16.4017073
397 -71.5389839 -16.4134366
398 -71.5414516 -16.4039543
399 -71.5369237 -16.4127824
400 -71.5356078 -16.4145822
401 -71.5320068 -16.4080865
402 -71.5257631 -16.3995196
403 -71.5382146 -16.4158618
404 -71.5395722 -16.4086605
405 -71.5266964 -16.4082302
406 -71.5454207 -16.4210175
407 -71.5282366 -16.4099367
408 -71.5441625 -16.4223669
409 -71.5364498 -16.4126679
410 -71.5320448 -16.3902157
411 -71.5376985 -16.3943875
412 -71.5612665 -16.4310013
413 -71.5262883 -16.399947
414 -71.5301115 -16.4065258
415 -71.5384125 -16.4115248
416 -71.5425934 -16.4047236
417 -71.5208902 -16.4028807
418 -71.5482117 -16.4071408
419 -71.5331811 -16.38821
420 -71.5324553 -16.4117671
421 -71.5463963 -16.3970732
422 -71.5413848 -16.4008041
423 -71.5344038 -16.4100587
424 -71.5421933 -16.405692
425 -71.5459202 -16.4231681
426 -71.525193 -16.3972545
427 -71.5516251 -16.4097662
428 -71.5394187 -16.4201048
429 -71.5423585 -16.4035843
430 -71.5510605 -16.4029965
431 -71.5353985 -16.4058791
432 -71.5392082 -16.4205398
433 -71.5178684 -16.4087946
434 -71.5465282 -16.4138567
435 -71.5176093 -16.4087664
436 -71.5478392 -16.3975763
437 -71.5243831 -16.4109101
438 -71.5397388 -16.4118336
439 -71.561726 -16.4311738
440 -71.5420004 -16.4061726
441 -71.5451718 -16.4069878
442 -71.5370857 -16.4087213
443 -71.5439787 -16.3990097
444 -71.5215939 -16.3994058
445 -71.5251572 -16.4077424
446 -71.5514332 -16.416101
447 -71.5231128 -16.400821
448 -71.5300244 -16.3892399
449 -71.5329895 -16.4104238
450 -71.5375137 -16.3956443
451 -71.5264368 -16.4071436
452 -71.5313774 -16.4098075
453 -71.5379162 -16.3966795
454 -71.5384653 -16.3887176
455 -71.5344913 -16.4165108
456 -71.5376162 -16.4049793
457 -71.5350183 -16.3931974
458 -71.5280837 -16.4130139
459 -71.5434946 -16.4142501
460 -71.5173387 -16.406444
461 -71.532921 -16.4043665
462 -71.5520711 -16.4044097
463 -71.5306867 -16.4012304
464 -71.5493049 -16.4178183
465 -71.5254825 -16.4119478
466 -71.533565 -16.4072878
467 -71.52348 -16.406638
468 -71.5368173 -16.3914382
469 -71.5511359 -16.4254337
470 -71.5351646 -16.41705
471 -71.5514484 -16.4052206
472 -71.5342642 -16.4064394
473 -71.5383898 -16.4012022
474 -71.5522019 -16.4150427
475 -71.5251259 -16.4024584
476 -71.5340935 -16.3937141
477 -71.5418374 -16.4048587
478 -71.5418987 -16.403761
479 -71.5396248 -16.4117513
480 -71.5388786 -16.3974957
481 -71.5248918 -16.3988201
482 -71.5232368 -16.4087645
483 -71.547149 -16.4123208
484 -71.5346323 -16.4037787
485 -71.5463028 -16.4122506
486 -71.5331254 -16.4126957
487 -71.543593 -16.4140526
488 -71.539034 -16.4117204
489 -71.520101 -16.4017416
490 -71.529973 -16.4127011
491 -71.5373907 -16.4078316
492 -71.5433584 -16.3969343
493 -71.5323903 -16.4122928
494 -71.5460713 -16.3962202
495 -71.5294625 -16.4042156
496 -71.5335039 -16.4041656
497 -71.5381695 -16.420238
498 -71.5324412 -16.4034915
499 -71.5505532 -16.4165824
500 -71.5329074 -16.4088241
501 -71.5404292 -16.4138703
502 -71.5385291 -16.4128036
503 -71.5489046 -16.4018955
504 -71.5214473 -16.402542
505 -71.5476309 -16.4239386
506 -71.5489797 -16.4083869
507 -71.5305212 -16.4129026
508 -71.5457157 -16.39641
509 -71.5394231 -16.4039871
510 -71.5411836 -16.4002673
511 -71.5373478 -16.4015719
512 -71.5454173 -16.3972024
513 -71.547593 -16.3982752
514 -71.5234766 -16.4102374
515 -71.5422704 -16.4058739
516 -71.5316289 -16.4077721
517 -71.5268173 -16.3982729
518 -71.5427606 -16.4034298
519 -71.5513464 -16.407357
520 -71.5364543 -16.4063566
521 -71.5382056 -16.4201573
522 -71.5294848 -16.3888348
523 -71.5375239 -16.3934649
524 -71.5397523 -16.4180949
525 -71.5425856 -16.4066112
526 -71.5268242 -16.4003834
527 -71.5405717 -16.4124085
528 -71.522392 -16.4002296
529 -71.5361274 -16.4085959
530 -71.53387 -16.4051198
531 -71.5280434 -16.4081561
532 -71.530502 -16.4041166
533 -71.5297742 -16.4135313
534 -71.5405555 -16.4134296
535 -71.5234661 -16.4011101
536 -71.5392541 -16.4108147
537 -71.5305165 -16.4091749
538 -71.5387813 -16.4022454
539 -71.5349767 -16.3953733
540 -71.5374322 -16.4115012
541 -71.5480092 -16.3979357
542 -71.5224372 -16.4105121
543 -71.5418488 -16.408095
544 -71.5362873 -16.3922134
545 -71.5310395 -16.4015582
546 -71.5272765 -16.4084245
547 -71.5411656 -16.408741
548 -71.5353388 -16.4056228
549 -71.5308454 -16.3976454
550 -71.5481162 -16.4072049
551 -71.5445376 -16.3985101
552 -71.5334602 -16.3946925
553 -71.5428097 -16.4014739
554 -71.538474 -16.3926015
555 -71.5397493 -16.3956463
556 -71.5373579 -16.3926671
557 -71.5369628 -16.3928675
558 -71.5417761 -16.3988791
559 -71.5399598 -16.395815
560 -71.5391656 -16.3952117
561 -71.5410696 -16.3972054
562 -71.5314873 -16.3912451
563 -71.5330212 -16.3935932
564 -71.537238 -16.3934044
565 -71.5369023 -16.3926178
566 -71.5346855 -16.3942852
567 -71.5314201 -16.3910211
568 -71.5327744 -16.3961651
569 -71.5347204 -16.3978312
570 -71.5288102 -16.3911724
571 -71.535388 -16.3964203
572 -71.531715 -16.3965282
573 -71.545987 -16.403687
574 -71.5499016 -16.4034651
575 -71.5504914 -16.4032355
576 -71.5505024 -16.4017056
577 -71.5488065 -16.4025648
578 -71.5485691 -16.4026968
579 -71.5503054 -16.4018013
580 -71.5500058 -16.4013322
581 -71.5349928 -16.3906001
582 -71.5345219 -16.3907928
583 -71.534581 -16.3908176
584 -71.532244 -16.3915553
585 -71.5228733 -16.4006248
586 -71.5286572 -16.4053412
587 -71.5352288 -16.4107164
588 -71.5357214 -16.4110694
589 -71.5478659 -16.4193529
590 -71.5290795 -16.4091462
591 -71.5193914 -16.4107924
592 -71.5181679 -16.4106276
593 -71.5228616 -16.4116048
594 -71.5228376 -16.4116708
595 -71.524757 -16.4121258
596 -71.5219561 -16.4109242
597 -71.5202181 -16.4110853
598 -71.5170057 -16.4106616
599 -71.5259154 -16.4125698
600 -71.5232046 -16.411741
601 -71.5240662 -16.4118858
602 -71.5247299 -16.412213
603 -71.524041 -16.4119664
604 -71.5232199 -16.4116666
605 -71.5319366 -16.3896323
606 -71.5322651 -16.3900109
607 -71.5339484 -16.3910006
608 -71.5521699 -16.4044358
609 -71.540962 -16.4052422
610 -71.5412127 -16.4087048
611 -71.5421194 -16.4084555
612 -71.5413702 -16.40895
613 -71.5412704 -16.408998
614 -71.5400894 -16.4057806
615 -71.5418988 -16.4080617
616 -71.5451621 -16.4121026
617 -71.5456077 -16.4126469
618 -71.5465868 -16.4138162
619 -71.5491917 -16.4168151
620 -71.5401445 -16.4055366
621 -71.5393946 -16.4066757
622 -71.538657 -16.4075457
623 -71.5262254 -16.3998953
624 -71.5244405 -16.4018979
625 -71.5242908 -16.4076914
626 -71.5224576 -16.3988683
627 -71.5221863 -16.3990478
628 -71.5475931 -16.4192117
629 -71.5454418 -16.4211735
630 -71.5455595 -16.4212786
631 -71.5408026 -16.4052433
632 -71.5374005 -16.3935148
633 -71.5372162 -16.3929742
634 -71.5376215 -16.3932592
635 -71.529152 -16.3886352
636 -71.5352958 -16.4120902
637 -71.535508 -16.4121957
638 -71.53106 -16.416023
639 -71.5309343 -16.4160485
640 -71.5333664 -16.4162783
641 -71.533237 -16.416716
642 -71.5334638 -16.4170219
643 -71.5340992 -16.4173907
644 -71.534207 -16.4175233
645 -71.5346506 -16.411378
646 -71.5341993 -16.4112272
647 -71.5326688 -16.4101869
648 -71.5329259 -16.4103029
649 -71.5325931 -16.4104413
650 -71.5333569 -16.4105129
651 -71.5327088 -16.4105041
652 -71.5342196 -16.4109986
653 -71.5161604 -16.4079663
654 -71.5467693 -16.3964528
655 -71.5462668 -16.396727
656 -71.5215759 -16.4057287
657 -71.5191256 -16.4036549
658 -71.5200441 -16.4047544
659 -71.520579 -16.4049392
660 -71.5343632 -16.3898723
661 -71.5355417 -16.4135884
662 -71.5362749 -16.4142416
663 -71.5345162 -16.411243
664 -71.5309349 -16.4093242
665 -71.5246734 -16.4070369
666 -71.5175432 -16.4095337
667 -71.5428622 -16.4110619
668 -71.543629 -16.412129
669 -71.5446558 -16.4114801
670 -71.5445946 -16.4115199
671 -71.5434997 -16.4122081
672 -71.5419163 -16.4097412
673 -71.5417681 -16.4098345
674 -71.5427502 -16.4111323
675 -71.5422152 -16.4101484
676 -71.5420939 -16.4102243
677 -71.5407806 -16.3968262
678 -71.5409255 -16.3967032
679 -71.5411805 -16.3970436
680 -71.541031 -16.3971552
681 -71.5486114 -16.4181082
682 -71.5492496 -16.4171182
683 -71.5494737 -16.4175523
684 -71.517137 -16.4080407
685 -71.5325621 -16.3898409
686 -71.5480725 -16.4029564
687 -71.5353246 -16.4120897
688 -71.5351256 -16.4124236
689 -71.5353942 -16.4125073
690 -71.5314264 -16.3989246
691 -71.5289322 -16.3998271
692 -71.5284933 -16.4014887
693 -71.5282643 -16.4015496
694 -71.5482174 -16.4157663
695 -71.5264313 -16.3987294
696 -71.5195924 -16.4107897
697 -71.5220453 -16.411001
698 -71.5138206 -16.4094182
699 -71.544198 -16.4221934
700 -71.5305257 -16.4158113
701 -71.5283215 -16.3953324
702 -71.5387158 -16.393506
703 -71.535507 -16.3931692
704 -71.5264031 -16.40245
705 -71.5215618 -16.4114991
706 -71.5223674 -16.4104385
707 -71.5312799 -16.3953912
708 -71.5305351 -16.39566
709 -71.5305033 -16.3956133
710 -71.5232433 -16.3999984
711 -71.534988 -16.4153135
712 -71.5382428 -16.4134658
713 -71.5387454 -16.4137151
714 -71.5344215 -16.4116469
715 -71.5345682 -16.414395
716 -71.5435492 -16.4142681
717 -71.5436625 -16.4142048
718 -71.5434721 -16.4142313
719 -71.5434454 -16.4141806
720 -71.5429068 -16.4140829
721 -71.543293 -16.4145212
722 -71.5366827 -16.3837287
723 -71.533043 -16.3896468
724 -71.5328495 -16.3898502
725 -71.5328179 -16.389658
726 -71.5332538 -16.3896678
727 -71.5330715 -16.3897747
728 -71.5418525 -16.3947735
729 -71.5419936 -16.3932128
730 -71.5215654 -16.4113382
731 -71.5212645 -16.4114258
732 -71.5378712 -16.409926
733 -71.5371757 -16.4092896
734 -71.537766 -16.4088747
735 -71.540519 -16.4079269
736 -71.5159626 -16.4079768
737 -71.5159854 -16.4081218
738 -71.5340344 -16.3909586
739 -71.5297783 -16.4092455
740 -71.5300778 -16.4093275
741 -71.5305813 -16.4092969
742 -71.5276202 -16.4054702
743 -71.5275532 -16.4061617
744 -71.5276756 -16.4054794
745 -71.5277541 -16.4055119
746 -71.5563444 -16.428837
747 -71.5414142 -16.3995975
748 -71.5436472 -16.4088814
749 -71.5419282 -16.3956666
750 -71.5523368 -16.4109289
751 -71.5527498 -16.4112604
752 -71.5525102 -16.4109002
753 -71.5524414 -16.410808
754 -71.5522541 -16.4109542
755 -71.5521524 -16.410322
756 -71.5516839 -16.4106149
757 -71.5296993 -16.4089389
758 -71.5244696 -16.4074732
759 -71.5247215 -16.4070691
760 -71.5239413 -16.4071839
761 -71.5192304 -16.4041535
762 -71.5183549 -16.4027738
763 -71.5186909 -16.4032451
764 -71.5489238 -16.4184046
765 -71.5488364 -16.418483
766 -71.5435953 -16.4142625
767 -71.5344706 -16.4002895
768 -71.5449647 -16.3960479
769 -71.5515015 -16.4232347
770 -71.5510616 -16.4250356
771 -71.5159279 -16.4081672
772 -71.539877 -16.4036085
773 -71.5361859 -16.3932032
774 -71.5466836 -16.4114028
775 -71.5463181 -16.4115675
776 -71.5508663 -16.4228281
777 -71.5500135 -16.4219213
778 -71.5507145 -16.4226704
779 -71.5508055 -16.4224774
780 -71.5510444 -16.4229421
781 -71.5512304 -16.4225067
782 -71.5506132 -16.42341
783 -71.5504833 -16.4236797
784 -71.5497981 -16.4237872
785 -71.550443 -16.4223882
786 -71.5498665 -16.4224783
787 -71.5502035 -16.4221393
788 -71.5421449 -16.399488
789 -71.5420002 -16.3995104
790 -71.5422893 -16.4078056
791 -71.5420893 -16.4059649
792 -71.5405484 -16.4055485
793 -71.5623939 -16.4304296
794 -71.5251858 -16.4023936
795 -71.5307033 -16.4012126
796 -71.5306433 -16.4011953
797 -71.5306346 -16.4028764
798 -71.5266098 -16.4115257
799 -71.5255114 -16.4119104
800 -71.533418 -16.416437
801 -71.5498974 -16.4050372
802 -71.547896 -16.4042845
803 -71.5356217 -16.3824862
804 -71.535547 -16.3830108
805 -71.5355864 -16.3832058
806 -71.5355265 -16.3825871
807 -71.5476842 -16.403723
808 -71.5508961 -16.4015214
809 -71.5321744 -16.4115299
810 -71.5323706 -16.4112871
811 -71.5326453 -16.4115505
812 -71.5314372 -16.4122957
813 -71.5316943 -16.4124757
814 -71.5309785 -16.4128283
815 -71.5311772 -16.4130144
816 -71.521032 -16.3998764
817 -71.5456671 -16.4118564
818 -71.5376403 -16.4082919
819 -71.5379257 -16.4085562
820 -71.5491668 -16.423979
821 -71.5493224 -16.4240253
822 -71.5495799 -16.4241128
823 -71.55006 -16.4244241
824 -71.5500399 -16.4254159
825 -71.5502625 -16.4254159
826 -71.5489107 -16.4166735
827 -71.5254704 -16.4124346
828 -71.5254981 -16.4123433
829 -71.5235382 -16.4108772
830 -71.5236478 -16.4109579
831 -71.5292628 -16.4126328
832 -71.5330767 -16.4167943
833 -71.5514122 -16.4155711
834 -71.5519943 -16.4150993
835 -71.5279624 -16.4143095
836 -71.5259904 -16.4124632
837 -71.5260949 -16.4126972
838 -71.5431279 -16.3940219
839 -71.5285106 -16.4034791
840 -71.5199294 -16.403497
841 -71.5272921 -16.4136528
842 -71.5295915 -16.4151433
843 -71.5444457 -16.4007632
844 -71.5498303 -16.4093599
845 -71.5506351 -16.4088951
846 -71.5505975 -16.4088445
847 -71.5497034 -16.4094291
848 -71.5275744 -16.4084195
849 -71.5340935 -16.4078269
850 -71.541367 -16.4056265
851 -71.5433303 -16.4037866
852 -71.5437039 -16.4088467
853 -71.5444795 -16.4085331
854 -71.5490951 -16.3999454
855 -71.5262717 -16.4127032
856 -71.5267292 -16.4130489
857 -71.5213983 -16.4112631
858 -71.5216624 -16.4112561
859 -71.5216875 -16.4113625
860 -71.5530155 -16.412201
861 -71.5501289 -16.4216764
862 -71.5479737 -16.4236298
863 -71.5435233 -16.414606
864 -71.5371514 -16.4105229
865 -71.5387035 -16.4117519
866 -71.5387632 -16.4092556
867 -71.544947 -16.4094026
868 -71.5301204 -16.4111842
869 -71.5296206 -16.4098707
870 -71.5247696 -16.4089686
871 -71.5281065 -16.410488
872 -71.5283524 -16.4094902
873 -71.5280027 -16.408889
874 -71.5292856 -16.4065286
875 -71.5330073 -16.38758
876 -71.5297188 -16.390703
877 -71.5294179 -16.3889481
878 -71.5493965 -16.4003783
879 -71.5499636 -16.4000001
880 -71.5464591 -16.3983139
881 -71.5484958 -16.4007334
882 -71.5495086 -16.4015895
883 -71.5489514 -16.4005915
884 -71.5464515 -16.4022173
885 -71.5459112 -16.4008094
886 -71.5466045 -16.4105168
887 -71.5459727 -16.4106066
888 -71.5465564 -16.4125883
889 -71.5396882 -16.4131677
890 -71.5401326 -16.4133014
891 -71.5399856 -16.4119989
892 -71.5360151 -16.4118889
893 -71.534123 -16.4089116
894 -71.5336615 -16.4094426
895 -71.5365369 -16.3930526
896 -71.527351 -16.3954888
897 -71.5476096 -16.3964661
898 -71.5207819 -16.4089153
899 -71.5180558 -16.4073632
900 -71.5221967 -16.4045797
901 -71.520825 -16.4013505
902 -71.5398189 -16.4181636
903 -71.5455566 -16.4009796
904 -71.5426208 -16.396951
905 -71.5358498 -16.4157873
906 -71.5387051 -16.4167789
907 -71.5354451 -16.4166449
908 -71.5344411 -16.4159285
909 -71.5379033 -16.4163706
910 -71.5374307 -16.4175314
911 -71.5372845 -16.4180185
912 -71.5357616 -16.4161901
913 -71.5371469 -16.4168779
914 -71.5375966 -16.4170063
915 -71.5383966 -16.4166281
916 -71.5379684 -16.417712
917 -71.5341481 -16.4153245
918 -71.5343263 -16.4154313
919 -71.5283209 -16.3964275
920 -71.5279044 -16.3990471
921 -71.5395394 -16.3984376
922 -71.5357903 -16.3974576
923 -71.5221378 -16.4060337
924 -71.525077 -16.407676
925 -71.5285049 -16.4113851
926 -71.5261058 -16.4091997
927 -71.535288 -16.4023132
928 -71.5341968 -16.4027143
929 -71.5357334 -16.4033792
930 -71.5387065 -16.3987305
931 -71.5417347 -16.4018926
932 -71.5407778 -16.401735
933 -71.5404739 -16.4024782
934 -71.5417624 -16.4155689
935 -71.5398271 -16.4162786
936 -71.5408769 -16.4167243
937 -71.5403735 -16.4164148
938 -71.539444 -16.4162423
939 -71.548802 -16.4163807
940 -71.5513745 -16.4174888
941 -71.5492358 -16.4167982
942 -71.5446817 -16.4184774
943 -71.5437461 -16.4193131
944 -71.5437823 -16.4171239
945 -71.5429428 -16.4184941
946 -71.5423157 -16.4206136
947 -71.5417059 -16.4177987
948 -71.5405678 -16.4173533
949 -71.5413826 -16.417794
950 -71.5407199 -16.4188396
951 -71.5409889 -16.4175941
952 -71.5403071 -16.41856
953 -71.5406093 -16.4187692
954 -71.5396184 -16.4190483
955 -71.5402006 -16.4185017
956 -71.5393798 -16.4193668
957 -71.5389294 -16.4191259
958 -71.5388411 -16.419084
959 -71.5362956 -16.4177697
960 -71.5366167 -16.4167233
961 -71.5364531 -16.4172533
962 -71.5386827 -16.4178811
963 -71.5388505 -16.4180722
964 -71.5385179 -16.4188968
965 -71.5380426 -16.4195211
966 -71.5383781 -16.4197572
967 -71.536506 -16.4184637
968 -71.5349172 -16.4173643
969 -71.5368875 -16.417936
970 -71.5373074 -16.418065
971 -71.5368317 -16.4186874
972 -71.5370764 -16.4183684
973 -71.5379572 -16.4189821
974 -71.5381885 -16.4186759
975 -71.5391916 -16.4130221
976 -71.5409317 -16.4126602
977 -71.5413054 -16.4141108
978 -71.541281 -16.4129074
979 -71.5408816 -16.4139889
980 -71.5402191 -16.4094397
981 -71.5381377 -16.4085175
982 -71.5389406 -16.4104114
983 -71.5381274 -16.4105726
984 -71.538307 -16.4103492
985 -71.5383289 -16.4096111
986 -71.5365605 -16.4120923
987 -71.537519 -16.4101968
988 -71.5379607 -16.4098644
989 -71.5366933 -16.4084037
990 -71.535645 -16.4058301
991 -71.5356693 -16.4056626
992 -71.5438905 -16.4049046
993 -71.5467991 -16.4098852
994 -71.5468299 -16.4129485
995 -71.5484122 -16.4115088
996 -71.5469738 -16.4118559
997 -71.5458513 -16.4100244
998 -71.5453225 -16.4109495
999 -71.5460433 -16.4099978
1000 -71.5457712 -16.4091857
1001 -71.5453404 -16.4102118
1002 -71.5434103 -16.4051823
1003 -71.5439191 -16.406009
1004 -71.5416883 -16.4044755
1005 -71.5405991 -16.4200196
1006 -71.5413142 -16.4192949
1007 -71.5401593 -16.4197873
1008 -71.5409776 -16.4190121
1009 -71.5405972 -16.4171417
1010 -71.5408523 -16.4169614
1011 -71.5402966 -16.4175578
1012 -71.5393547 -16.4172191
1013 -71.5411455 -16.4163658
1014 -71.541014 -16.4151462
1015 -71.5403536 -16.4144793
1016 -71.5388577 -16.413553
1017 -71.5390505 -16.4147935
1018 -71.538678 -16.4161089
1019 -71.5377109 -16.4156222
1020 -71.5360437 -16.4151433
1021 -71.5373837 -16.4144233
1022 -71.5370793 -16.4154347
1023 -71.5372362 -16.4149113
1024 -71.5361723 -16.4146389
1025 -71.5385401 -16.4146966
1026 -71.5355989 -16.4149775
1027 -71.5356009 -16.4148881
1028 -71.5353448 -16.4155266
1029 -71.5349789 -16.4162949
1030 -71.5347127 -16.4161054
1031 -71.532254 -16.4109536
1032 -71.5306499 -16.4114132
1033 -71.5306055 -16.4101657
1034 -71.5293595 -16.4109556
1035 -71.5304018 -16.4130254
1036 -71.5320858 -16.4123104
1037 -71.5316786 -16.4115838
1038 -71.5304693 -16.4119285
1039 -71.5310741 -16.4122684
1040 -71.5298214 -16.411634
1041 -71.5292197 -16.4114868
1042 -71.5294036 -16.4123972
1043 -71.5301714 -16.4117813
1044 -71.5213304 -16.4091988
1045 -71.5171377 -16.4086616
1046 -71.5170145 -16.4101867
1047 -71.5146294 -16.4075546
1048 -71.5176793 -16.4080827
1049 -71.5189752 -16.4053166
1050 -71.5180189 -16.404921
1051 -71.5177238 -16.4047816
1052 -71.518333 -16.4044461
1053 -71.5192114 -16.4047889
1054 -71.5177923 -16.4054285
1055 -71.5185291 -16.4063283
1056 -71.517567 -16.4059328
1057 -71.5226133 -16.4041209
1058 -71.5212997 -16.4010943
1059 -71.5211173 -16.4020575
1060 -71.5215579 -16.4017372
1061 -71.5226016 -16.4009728
1062 -71.5236128 -16.4002625
1063 -71.5230916 -16.4030232
1064 -71.5274816 -16.3995748
1065 -71.5292404 -16.3994918
1066 -71.528595 -16.3990342
1067 -71.5297154 -16.3988989
1068 -71.5294021 -16.3986575
1069 -71.5289284 -16.3992706
1070 -71.5318482 -16.4025662
1071 -71.5327054 -16.4020551
1072 -71.5338055 -16.4016759
1073 -71.536046 -16.4097855
1074 -71.5348047 -16.409993
1075 -71.51501 -16.4066815
1076 -71.5473917 -16.4010982
1077 -71.5467974 -16.4012929
1078 -71.5443887 -16.4004007
1079 -71.5449223 -16.4013148
1080 -71.5459389 -16.4024845
1081 -71.5450701 -16.401229
1082 -71.5460309 -16.3972377
1083 -71.5454248 -16.4010557
1084 -71.519223 -16.4009383
1085 -71.5192898 -16.4010333
1086 -71.5203442 -16.4002139
1087 -71.5289833 -16.403828
1088 -71.5279511 -16.4039681
1089 -71.5310749 -16.4053683
1090 -71.5299516 -16.4036589
1091 -71.5308854 -16.4044353
1092 -71.5304862 -16.4048926
1093 -71.5303554 -16.4055132
1094 -71.5297444 -16.4062228
1095 -71.5326602 -16.4066093
1096 -71.5237293 -16.4076832
1097 -71.5227581 -16.4074075
1098 -71.5226117 -16.4063512
1099 -71.522163 -16.4074892
1100 -71.562422 -16.4319635
1101 -71.5621094 -16.4304083
1102 -71.5614808 -16.4308527
1103 -71.5374868 -16.4161632
1104 -71.5180995 -16.4029468
1105 -71.5361152 -16.4102816
1106 -71.5254739 -16.4094384
1107 -71.5251456 -16.4098588
1108 -71.5259906 -16.4104357
1109 -71.5255451 -16.4101333
1110 -71.527195 -16.4105263
1111 -71.5291824 -16.4077588
1112 -71.5286402 -16.407377
1113 -71.5283196 -16.4057382
1114 -71.5323071 -16.3881716
1115 -71.5322843 -16.3875778
1116 -71.5300655 -16.3875851
1117 -71.5296239 -16.3905899
1118 -71.5294856 -16.3907331
1119 -71.532129 -16.3912768
1120 -71.5443201 -16.3944039
1121 -71.5446098 -16.3951428
1122 -71.545314 -16.3958615
1123 -71.5422551 -16.414201
1124 -71.5423358 -16.4151232
1125 -71.5423493 -16.415277
1126 -71.5529692 -16.4108273
1127 -71.5528671 -16.4119395
1128 -71.5472775 -16.3980786
1129 -71.5459661 -16.4230811
1130 -71.5478455 -16.4191987
1131 -71.550489 -16.4104153
1132 -71.5323906 -16.4139386
1133 -71.5310426 -16.4131916
1134 -71.516544 -16.4029414
1135 -71.5179444 -16.4029297
1136 -71.5179284 -16.4019494
1137 -71.5180584 -16.4028936
1138 -71.5350684 -16.4063493
1139 -71.5384519 -16.4088686
1140 -71.5303861 -16.3980649
1141 -71.5369296 -16.3842648
1142 -71.5374046 -16.385679
1143 -71.5355546 -16.3910557
1144 -71.5220565 -16.4057168
1145 -71.5195824 -16.4086417
1146 -71.5224328 -16.409841
1147 -71.5265442 -16.4114779
1148 -71.5251157 -16.4115959
1149 -71.525436 -16.4009234
1150 -71.5272127 -16.3998854
1151 -71.5261702 -16.3990381
1152 -71.5216338 -16.3994856
1153 -71.5215544 -16.4053499
1154 -71.5208197 -16.3999029
1155 -71.5208865 -16.399971
1156 -71.5209626 -16.3998081
1157 -71.5183589 -16.4016638
1158 -71.5420298 -16.3932019
1159 -71.5454791 -16.4027077
1160 -71.5475349 -16.3993933
1161 -71.5479163 -16.4009404
1162 -71.5477416 -16.400448
1163 -71.5490732 -16.3990553
1164 -71.5483864 -16.3983252
1165 -71.5151724 -16.4063083
1166 -71.5155378 -16.4054699
1167 -71.5155064 -16.4055419
1168 -71.5205862 -16.402442
1169 -71.5418602 -16.4156702
1170 -71.5571744 -16.4281535
1171 -71.5563786 -16.4288088
1172 -71.5379871 -16.4146036
1173 -71.538746 -16.4169492
1174 -71.5384321 -16.4178376
1175 -71.5572337 -16.4281047
1176 -71.5572351 -16.4276363
1177 -71.5498164 -16.4113236
1178 -71.5513818 -16.4138249
1179 -71.5516509 -16.4105952
1180 -71.5514485 -16.4109006
1181 -71.5395917 -16.4182203
1182 -71.5394202 -16.4116107
1183 -71.5397632 -16.4111563
1184 -71.541751 -16.4172181
1185 -71.5412474 -16.4164171
1186 -71.5394942 -16.3924338
1187 -71.5564408 -16.4288406
1188 -71.5569858 -16.4281016
1189 -71.5330342 -16.4054314
1190 -71.5629541 -16.4314195
1191 -71.5628317 -16.4314734
1192 -71.5616138 -16.4312669
1193 -71.5513329 -16.4025
1194 -71.5366422 -16.3836111
1195 -71.5361259 -16.3837901
1196 -71.5200005 -16.4042572
1197 -71.5368357 -16.4001484
1198 -71.5522453 -16.4080561
1199 -71.5517525 -16.4082259
1200 -71.5450705 -16.4098898
1201 -71.5323379 -16.3918147
1202 -71.5337431 -16.3933253
1203 -71.5303644 -16.387963
1204 -71.5421801 -16.4084176
1205 -71.5456964 -16.4118953
1206 -71.5284855 -16.399168
1207 -71.5519702 -16.4152562
1208 -71.5506129 -16.418294
1209 -71.5361592 -16.3931448
1210 -71.5356186 -16.3931965
1211 -71.5366334 -16.3836105
1212 -71.5366216 -16.3835768
1213 -71.5504359 -16.4184283
1214 -71.5505907 -16.4184074
1215 -71.5515023 -16.4063372
1216 -71.5214474 -16.4112623
1217 -71.5280113 -16.4141192
1218 -71.5278495 -16.4140354
1219 -71.5444868 -16.4223225
1220 -71.5444827 -16.4223453
1221 -71.5397122 -16.3924248
1222 -71.5423256 -16.4025827
1223 -71.5435287 -16.4143673
1224 -71.5443571 -16.4221487
1225 -71.5444786 -16.422254
1226 -71.5472714 -16.3970775
1227 -71.5472005 -16.397162
1228 -71.547264 -16.3973688
1229 -71.5332847 -16.3919833
1230 -71.5379193 -16.4118744
1231 -71.5498872 -16.4162525
1232 -71.5494368 -16.416617
1233 -71.5428246 -16.4025393
1234 -71.5329253 -16.4102735
1235 -71.5194387 -16.4042886
1236 -71.5357004 -16.4111096
1237 -71.5306284 -16.4069604
1238 -71.5289449 -16.4055776
1239 -71.5453259 -16.4025089
1240 -71.5443553 -16.4007744
1241 -71.5452225 -16.4025562
1242 -71.5498862 -16.4161708
1243 -71.5538721 -16.4135467
1244 -71.5386462 -16.4161841
1245 -71.5390762 -16.4163111
1246 -71.5350947 -16.4123541
1247 -71.5350889 -16.4123043
1248 -71.5340174 -16.4076645
1249 -71.5355424 -16.3998934
1250 -71.5350589 -16.3929895
1251 -71.5351349 -16.3929324
1252 -71.5359546 -16.400904
1253 -71.5475643 -16.4190562
1254 -71.5477133 -16.4193179
1255 -71.5470064 -16.4237705
1256 -71.539349 -16.4066202
1257 -71.5398969 -16.4020553
1258 -71.5307589 -16.3917415
1259 -71.5306686 -16.3917979
1260 -71.5356119 -16.3933105
1261 -71.5305199 -16.4061627
1262 -71.553637 -16.4140275
1263 -71.5534601 -16.4140433
1264 -71.5536878 -16.4138305
1265 -71.553667 -16.4128014
1266 -71.5502179 -16.4101182
1267 -71.5159037 -16.404582
1268 -71.5160732 -16.4041693
1269 -71.5135616 -16.4100332
1270 -71.5144196 -16.408038
1271 -71.5147401 -16.4073003
1272 -71.5157421 -16.4049865
1273 -71.5256278 -16.4059882
1274 -71.5361413 -16.4102298
1275 -71.540049 -16.4057337
1276 -71.5401318 -16.4057349
1277 -71.5393537 -16.4067272
1278 -71.539387 -16.4067944
1279 -71.5409114 -16.404824
1280 -71.5397254 -16.3924362
1281 -71.5441676 -16.3989015
1282 -71.5517197 -16.4031986
1283 -71.551668 -16.4032891
1284 -71.521558 -16.4113271
1285 -71.5212641 -16.4114133
1286 -71.5407572 -16.4169029
1287 -71.5371371 -16.3922706
1288 -71.5160823 -16.4102918
1289 -71.5402637 -16.4055852
1290 -71.5337297 -16.4101633
1291 -71.5435103 -16.4143066
1292 -71.5429274 -16.4141783
1293 -71.5331034 -16.4169121
1294 -71.5360787 -16.4186926
1295 -71.5360214 -16.4187742
1296 -71.5423453 -16.3996428
1297 -71.5418623 -16.3991417
1298 -71.544783 -16.4089158
1299 -71.5445722 -16.4084877
1300 -71.5624246 -16.4304087
1301 -71.5342512 -16.410961
1302 -71.5287547 -16.4108258
1303 -71.5286037 -16.4114087
1304 -71.5321975 -16.4109102
1305 -71.5317822 -16.4113782
1306 -71.5345293 -16.414379
1307 -71.5389319 -16.4135776
1308 -71.5425742 -16.4149361
1309 -71.5426551 -16.4150321
1310 -71.5253691 -16.4008667
1311 -71.5256664 -16.4011146
1312 -71.5247411 -16.401567
1313 -71.5247935 -16.4016116
1314 -71.5342197 -16.4102604
1315 -71.5268148 -16.4129386
1316 -71.5263583 -16.4125877
1317 -71.526234 -16.4079531
1318 -71.5278379 -16.4140369
1319 -71.5374296 -16.4089863
1320 -71.5365954 -16.4095121
1321 -71.5150094 -16.4107152
1322 -71.5160324 -16.4106703
1323 -71.5149923 -16.4107158
1324 -71.5150326 -16.4107234
1325 -71.5502953 -16.4168203
1326 -71.5441564 -16.4223505
1327 -71.5207209 -16.4090402
1328 -71.5212697 -16.4093077
1329 -71.5189779 -16.4086751
1330 -71.5395411 -16.3973673
