0 556
1 4
1 559
2 555
3 2
3 5
4 560
6 1186
8 203
8 18
9 3
10 838
10 729
10 11
11 1120
11 10
12 1233
13 1289
13 1276
14 617
14 38
14 342
15 406
15 1224
16 862
18 314
18 19
19 20
20 1250
21 1287
21 28
21 554
22 565
22 283
23 35
24 8
25 24
26 678
26 27
27 480
27 1
28 557
29 1221
29 454
30 31
31 99
32 33
33 558
34 23
34 789
35 1297
35 1296
36 788
36 1296
37 12
38 616
38 670
39 1199
39 845
40 630
40 16
41 418
41 43
42 43
42 65
42 573
43 802
43 42
43 41
44 478
44 47
45 135
45 416
46 477
46 44
47 49
48 325
48 51
49 45
49 66
50 48
50 573
51 48
52 879
52 166
53 118
53 574
53 577
54 577
54 503
55 56
55 576
56 1193
56 57
57 576
57 808
57 52
58 86
58 252
58 61
59 60
59 117
59 87
60 59
60 512
60 296
61 117
61 58
61 337
62 63
62 1282
63 62
63 56
64 464
65 352
66 65
66 851
66 49
67 521
67 966
68 150
68 178
68 70
69 299
69 968
70 946
70 364
70 699
71 72
72 90
73 226
74 79
74 1258
75 1201
75 74
76 78
76 563
77 566
78 83
78 84
79 562
79 1201
80 79
81 570
82 84
82 1259
82 83
83 85
83 707
84 74
85 220
85 82
85 83
86 58
86 1077
86 885
87 551
87 32
88 1202
89 1120
90 93
90 73
91 73
91 690
92 220
93 549
94 792
94 631
95 398
95 206
96 518
96 1233
96 851
97 569
97 72
98 76
98 552
100 104
100 682
100 105
100 619
101 40
102 103
104 100
105 1208
105 100
106 412
107 106
107 1175
107 243
108 860
109 1100
111 473
111 121
112 156
113 1320
113 442
114 393
114 149
115 480
115 1
116 893
116 198
117 152
117 59
117 61
118 53
118 801
118 801
119 458
119 328
120 168
121 1252
122 920
122 919
123 487
124 853
124 1299
125 154
125 533
125 329
126 351
126 1183
127 1141
128 462
129 1131
129 847
130 844
130 506
131 1163
131 315
131 192
131 854
132 1293
133 988
133 733
133 734
134 222
134 426
135 238
135 515
137 747
137 23
140 774
140 886
140 998
141 842
142 1090
142 182
143 935
143 164
144 405
144 265
144 848
145 1136
147 124
147 176
148 180
148 331
148 317
148 742
149 929
150 68
150 362
151 174
152 117
152 252
153 280
154 141
154 329
155 111
155 151
156 574
157 276
158 622
158 229
159 840
159 1196
159 1235
160 1117
160 173
161 343
161 1001
162 896
163 899
163 460
164 143
164 1014
165 67
165 1295
166 1163
167 929
169 525
169 790
170 930
171 261
171 377
172 531
173 387
174 510
174 1257
175 893
175 200
176 147
176 525
177 1305
178 1005
179 492
179 512
179 378
180 148
181 451
182 839
183 926
183 871
183 368
184 1261
184 1093
185 511
185 167
186 260
187 900
187 417
188 971
188 965
189 759
189 247
190 1017
190 143
190 938
191 509
192 1162
192 131
192 1160
193 437
193 373
194 197
194 757
194 1237
194 516
195 754
195 1180
196 1230
197 1095
197 240
197 194
198 1248
200 423
201 586
201 744
201 381
202 1039
202 1037
202 1032
203 372
204 1273
204 247
205 363
205 528
206 478
206 321
206 933
207 328
207 390
208 874
208 414
209 689
210 917
210 711
211 109
212 225
212 1238
212 366
213 1072
213 767
214 333
214 1064
215 764
215 1130
216 334
216 976
216 254
217 763
217 394
217 657
218 155
219 171
220 85
220 701
220 92
221 353
221 898
222 134
222 1152
224 1112
224 874
224 289
225 495
225 212
225 244
226 1072
227 475
228 590
228 1302
229 358
230 453
230 7
231 986
231 303
232 211
232 281
234 944
234 1125
234 945
235 466
235 401
236 502
236 712
236 397
237 658
238 525
238 304
238 147
239 404
239 735
240 197
240 1237
241 355
241 996
241 774
242 800
242 918
244 225
244 1088
245 931
245 932
246 867
246 1298
247 451
247 189
248 982
249 1283
250 704
250 227
251 448
252 192
252 58
253 1095
253 401
253 466
254 978
254 720
254 216
255 415
256 625
256 1096
257 1135
258 868
258 1043
258 1032
259 1083
259 146
259 1080
260 494
260 186
261 520
261 1138
262 505
262 1255
263 422
264 311
265 531
265 144
265 181
266 765
267 624
268 836
268 1147
269 733
269 360
270 880
270 59
271 956
272 375
273 1142
273 454
274 1078
274 337
274 1281
274 1081
275 382
275 256
276 661
276 715
278 500
279 1182
280 683
281 1191
281 232
282 661
283 1143
283 22
284 491
284 338
285 539
285 552
286 736
286 1047
287 512
288 458
289 743
289 224
290 1049
290 1054
291 1278
291 735
292 359
293 1307
293 1015
294 330
295 540
295 864
296 270
296 1227
297 144
298 930
299 644
300 1071
300 928
301 1302
301 590
302 975
302 501
303 231
303 502
303 1230
304 1003
304 1002
304 238
306 240
306 292
307 1141
308 1134
309 149
309 456
309 991
310 872
310 873
311 1189
312 511
312 1252
313 331
313 181
314 203
315 513
315 131
315 1160
316 504
316 1057
317 204
317 148
318 693
319 1109
319 1148
320 646
320 209
321 1222
321 931
322 1031
323 684
323 653
324 811
325 48
325 1077
326 445
327 897
327 421
328 925
329 125
329 154
330 130
330 294
331 148
331 313
331 743
332 1146
332 1044
332 382
333 526
334 216
334 351
334 527
335 115
335 450
336 640
336 832
337 87
337 903
337 61
338 456
339 531
339 313
339 1112
340 379
340 379
340 840
341 226
341 350
342 14
342 717
343 867
345 690
345 91
347 320
348 634
348 632
349 849
350 91
351 334
351 126
351 891
352 992
353 1329
353 221
355 993
355 241
355 886
356 445
356 361
356 926
357 901
357 1058
357 1059
358 404
358 229
358 1139
359 233
360 892
362 432
362 497
363 710
363 710
363 205
364 70
364 150
365 1033
365 740
366 1093
366 395
367 722
368 326
369 456
369 185
370 141
370 835
371 544
372 450
372 411
373 870
373 1106
373 193
374 1255
374 1129
375 199
375 757
375 228
376 435
376 1045
376 353
376 1048
377 1248
378 179
379 340
379 340
379 187
380 446
381 317
381 227
382 542
382 275
382 332
383 383
383 1143
384 796
384 345
385 1106
385 1110
386 527
386 889
387 410
388 661
388 400
389 904
390 1041
390 1042
390 207
391 885
391 884
391 1077
392 573
392 48
392 1159
393 114
394 1153
395 1092
395 532
396 1063
396 624
396 535
397 1016
397 302
398 478
398 206
399 347
400 1027
400 1027
401 253
401 235
401 516
402 1151
402 481
403 909
403 1025
403 1019
404 239
404 980
405 144
405 1144
406 101
406 943
407 871
407 872
407 872
408 1326
409 399
410 605
410 606
411 372
411 335
412 1102
413 1149
413 623
414 1094
414 1237
415 865
415 864
416 46
417 504
417 1168
417 840
417 187
418 550
419 875
419 1114
419 726
420 811
420 493
420 809
421 1082
421 327
422 510
422 263
422 931
423 1314
423 1074
423 894
423 587
424 791
424 477
425 102
426 517
426 162
427 1131
428 1007
428 432
429 47
429 478
430 55
431 1138
431 548
432 362
432 68
432 428
433 435
434 618
434 277
434 14
435 376
435 666
436 344
437 319
437 1107
438 891
438 479
438 975
439 1102
439 1100
439 1192
441 352
442 989
444 1152
444 627
445 356
446 380
447 535
449 663
450 230
451 247
451 181
451 1317
452 1032
452 365
453 115
454 29
454 273
455 470
456 369
456 309
457 20
457 476
458 119
458 288
458 1217
460 1056
460 899
460 163
461 306
462 608
462 249
463 182
464 215
464 105
465 799
465 1148
465 268
466 1248
466 253
466 235
467 665
467 297
468 544
469 770
469 825
470 907
470 968
470 455
470 959
471 471
472 466
473 538
473 151
474 1243
475 227
475 267
476 457
477 609
477 1004
477 46
479 438
479 126
480 298
480 27
480 921
481 134
481 1062
482 1096
482 923
483 996
483 888
483 995
484 496
484 114
485 996
485 888
486 1132
486 1132
486 493
487 342
487 717
488 865
488 397
489 901
489 1168
489 1085
490 1042
490 1038
490 1035
491 261
491 989
491 284
492 179
492 904
492 768
493 1036
494 655
494 260
494 508
495 225
495 1090
496 461
496 300
497 165
498 461
498 300
499 1207
500 116
500 235
500 894
501 534
501 979
501 293
502 303
502 196
503 882
503 881
503 54
504 316
505 262
505 862
505 374
506 130
507 1039
507 1133
507 1035
508 287
508 494
508 1082
509 369
509 13
511 121
512 179
512 60
513 315
513 1160
514 361
515 424
516 1095
516 194
517 695
517 920
517 919
518 429
518 1222
520 284
521 497
521 271
522 635
523 632
524 902
524 1011
525 515
525 238
526 413
526 1150
527 386
527 890
528 1058
528 585
528 205
529 989
530 393
530 496
531 339
531 265
532 1091
532 1090
533 125
533 1035
533 288
535 396
535 447
536 1183
536 279
537 664
538 346
538 185
539 24
540 295
541 513
541 99
542 596
542 706
542 382
543 615
543 614
544 283
544 468
545 341
545 1070
547 980
547 239
548 354
548 393
549 223
549 1140
550 418
550 41
552 566
552 563
553 12
554 2
555 559
555 4
556 28
556 633
557 565
557 895
558 561
558 218
560 702
561 680
562 1119
562 567
563 77
563 76
563 75
564 348
564 557
565 21
566 77
566 18
567 173
567 876
568 98
568 285
569 922
569 71
571 539
572 568
573 392
573 50
574 156
575 430
575 112
576 579
577 578
577 53
578 1161
579 112
579 580
580 579
580 882
581 583
581 607
581 1143
582 583
582 660
583 582
583 581
584 607
584 1201
585 1061
585 447
585 528
586 1113
586 1238
586 201
587 645
587 588
587 423
588 1105
588 1306
589 861
589 1254
589 16
590 310
590 199
591 696
591 593
592 696
592 591
593 604
594 597
595 602
595 828
596 697
596 858
598 592
599 836
599 827
600 604
600 594
601 603
601 595
602 595
602 603
603 601
604 600
604 601
604 830
606 685
606 410
607 738
607 581
608 462
608 128
610 547
611 1204
611 543
611 612
612 613
612 672
613 612
613 547
614 1275
614 291
615 631
616 38
617 14
617 618
618 434
618 694
619 941
619 939
619 100
620 13
620 1289
621 291
622 1277
622 338
623 402
624 1312
624 267
625 760
625 665
626 222
627 626
627 222
628 153
628 1253
629 406
630 1225
631 95
632 411
633 348
635 522
637 409
637 209
638 336
639 700
640 688
641 132
641 642
642 643
643 69
644 639
645 587
645 636
647 278
647 1234
648 650
648 651
649 452
649 647
650 652
650 1290
652 1301
653 736
653 323
654 655
655 421
655 494
655 654
657 159
657 761
658 1196
658 1235
661 276
661 388
662 388
662 1024
662 282
663 645
664 278
664 449
665 759
666 435
667 674
667 668
668 671
668 670
669 670
669 616
670 669
670 668
670 611
671 668
671 674
672 673
672 675
673 672
673 613
674 676
675 676
675 667
676 675
676 673
677 678
677 27
679 680
680 677
681 280
682 683
684 1048
684 323
685 725
686 50
686 51
687 637
688 1246
689 157
690 93
691 384
692 318
693 692
693 333
694 434
694 939
695 517
695 1151
696 857
699 15
700 837
701 220
703 1210
704 250
706 542
707 98
707 708
708 709
708 919
709 708
710 363
711 210
711 1030
712 347
713 157
714 324
714 645
715 1306
715 210
716 1291
716 459
717 766
718 719
719 123
720 1292
720 254
720 123
721 1309
722 367
722 1195
722 1194
723 726
723 727
724 685
724 725
725 723
726 419
727 724
728 749
729 1158
729 9
730 705
731 1285
732 988
732 733
733 133
733 732
734 981
734 985
734 133
735 610
736 653
736 286
737 771
737 653
737 736
738 607
738 582
738 583
739 869
739 228
740 739
741 740
741 546
742 744
742 148
743 289
743 742
743 331
744 745
744 742
744 201
745 744
745 1113
746 1171
747 137
748 176
750 754
750 753
750 752
751 752
752 753
752 750
753 752
753 750
754 750
754 195
754 756
755 1179
756 1179
756 754
756 755
757 537
757 375
757 194
759 1317
759 758
760 1096
760 1098
761 257
762 1104
763 217
764 765
765 589
765 266
766 716
767 97
768 1122
768 287
768 1121
769 780
769 770
769 266
770 469
770 823
770 769
772 191
772 620
773 1260
774 140
774 775
774 241
775 774
776 778
776 780
777 787
778 785
778 776
779 778
779 779
780 776
780 769
780 781
781 780
781 781
781 781
782 783
782 776
782 782
783 782
783 783
783 783
784 785
785 787
785 778
785 784
786 786
786 786
787 786
788 553
788 789
789 1297
792 94
793 1300
793 1190
794 475
795 463
796 795
796 463
798 1147
800 641
801 471
802 53
802 807
803 1195
803 806
804 805
804 806
805 804
806 804
806 803
807 42
807 802
807 50
808 57
810 811
811 324
811 810
812 813
813 815
813 812
813 1036
815 1133
815 813
815 814
816 1155
817 1205
817 485
817 616
818 819
819 1319
819 305
821 820
821 822
821 822
822 821
822 823
823 822
823 825
823 770
824 825
825 469
825 823
826 939
827 828
827 602
828 827
829 830
830 829
830 604
830 193
831 1042
832 132
832 1293
833 834
833 1178
834 1243
836 855
837 599
838 10
838 838
839 1088
839 1087
840 1168
840 340
840 159
841 1318
841 328
842 638
843 1240
843 1078
843 1239
845 846
845 844
846 39
847 506
847 844
847 129
848 172
849 175
849 198
850 440
851 65
852 748
853 124
854 878
854 131
854 1162
855 1316
855 842
855 856
856 1315
856 841
858 1284
858 859
859 593
860 1127
860 108
860 1265
861 266
861 589
862 505
862 16
863 1223
863 721
863 944
864 987
865 255
865 415
866 404
867 343
867 1000
868 258
868 1033
868 1034
869 1034
869 739
869 1033
870 373
871 407
871 301
872 407
872 310
873 546
873 368
874 224
874 1113
875 419
876 1117
877 522
877 448
878 52
878 854
878 883
879 52
879 808
880 270
881 883
881 1161
881 503
882 503
882 580
883 881
883 878
883 882
884 391
884 1080
885 903
885 86
886 887
886 140
887 998
887 997
888 994
888 483
889 890
889 975
889 386
890 889
890 527
891 386
891 438
891 351
892 360
892 864
892 986
893 894
893 175
894 423
894 1234
894 500
895 773
896 162
897 327
898 1327
898 1044
899 163
899 1048
899 460
900 187
901 1058
902 524
902 957
902 955
903 1083
903 885
904 89
905 912
905 1020
905 1028
906 1173
906 915
906 1244
907 912
907 1029
907 961
908 1030
908 168
909 1103
909 403
909 914
910 961
910 916
910 911
910 914
911 969
911 970
911 910
912 960
913 914
913 960
913 1103
914 913
914 909
915 906
915 916
916 1174
916 915
917 918
917 800
918 917
918 908
918 242
919 896
919 517
920 1064
920 691
921 218
921 389
922 17
923 482
924 758
924 760
925 1303
925 301
925 1110
926 183
926 356
927 213
927 312
928 927
929 484
930 921
931 245
932 245
933 245
933 1257
934 1124
934 1169
934 1014
935 143
935 937
936 1013
936 937
937 935
937 936
937 1014
938 1009
938 190
939 619
939 694
940 104
941 619
941 139
942 1253
942 944
943 406
944 234
945 234
945 943
945 946
946 70
946 945
947 949
947 1008
947 1184
948 951
948 902
949 947
949 951
949 950
950 953
950 949
951 952
951 949
952 955
952 953
952 951
953 952
953 950
953 954
954 953
954 956
954 955
955 952
955 954
956 271
956 954
956 957
957 956
958 957
958 1181
958 964
959 961
959 470
960 961
960 913
960 912
961 959
961 960
961 907
962 963
962 1173
963 962
964 974
964 965
964 1181
965 188
965 966
965 964
966 958
966 965
967 968
967 971
967 969
968 470
968 69
969 959
969 911
970 911
970 974
970 972
971 967
971 188
971 972
972 970
972 973
973 972
973 974
974 964
974 973
975 889
975 302
975 438
976 978
976 527
976 216
976 534
977 254
977 720
978 254
978 976
978 979
979 978
980 248
981 734
982 985
982 983
983 984
983 987
984 983
984 984
984 984
985 866
985 982
985 734
986 231
986 295
986 892
987 269
988 985
988 133
989 529
989 491
989 171
990 520
991 309
991 990
992 1002
992 66
993 999
994 888
995 483
996 485
996 241
998 161
998 887
998 140
999 1000
999 997
1000 867
1000 993
1001 1200
1001 997
1002 135
1002 992
1003 304
1004 398
1005 1007
1005 1006
1005 178
1007 1005
1007 428
1007 1008
1008 950
1008 947
1008 1007
1009 938
1010 1184
1012 1011
1013 1185
1013 934
1014 164
1014 934
1014 937
1015 164
1015 713
1016 713
1017 190
1017 1018
1018 1244
1019 403
1019 1172
1020 905
1020 1024
1020 1022
1021 1172
1021 1023
1021 282
1022 1019
1023 1024
1023 1022
1024 1020
1024 662
1024 1023
1025 403
1025 1017
1026 1027
1027 400
1027 400
1028 905
1029 1030
1029 1028
1030 1029
1031 177
1031 1304
1031 322
1032 452
1032 258
1032 202
1033 365
1033 868
1033 869
1034 1041
1034 869
1034 868
1035 533
1035 507
1036 493
1036 1037
1037 202
1037 177
1038 1043
1038 490
1038 1039
1039 507
1039 202
1040 1043
1040 1041
1040 1042
1041 390
1042 390
1042 831
1042 490
1042 1040
1043 1040
1043 1038
1044 1328
1044 898
1044 332
1045 376
1045 1046
1046 1045
1046 1045
1047 1270
1047 286
1048 899
1048 684
1048 376
1049 290
1049 1053
1049 1050
1050 1054
1050 1051
1050 1052
1050 1049
1052 1053
1052 110
1052 1050
1053 1052
1053 1235
1053 1049
1054 1056
1055 290
1055 163
1056 1054
1056 1055
1057 900
1057 316
1058 357
1059 1060
1059 357
1060 1059
1060 1061
1060 1061
1061 585
1061 1060
1061 1060
1062 447
1062 710
1063 1057
1063 316
1064 920
1064 1150
1064 214
1065 691
1066 1069
1066 1206
1066 1068
1067 1065
1068 1069
1068 1067
1068 1066
1069 1066
1069 1068
1069 1065
1070 498
1073 1274
1073 113
1074 1073
1075 1271
1076 51
1076 252
1077 1076
1078 843
1078 274
1078 443
1079 1081
1080 884
1080 259
1080 1159
1081 1079
1081 1083
1081 274
1082 508
1082 296
1082 421
1083 903
1083 259
1084 1086
1085 1084
1085 489
1086 1154
1087 839
1087 244
1088 244
1088 381
1089 240
1089 1092
1089 184
1090 142
1091 292
1092 1089
1093 1094
1093 184
1093 366
1094 414
1095 311
1095 197
1096 482
1096 256
1096 760
1096 1097
1098 1099
1098 923
1099 1098
1100 109
1100 439
1102 439
1102 1101
1102 136
1103 909
1103 913
1104 762
1105 1073
1106 373
1106 385
1106 1107
1107 437
1107 1106
1107 1109
1108 385
1108 1109
1109 1108
1109 1107
1109 319
1110 385
1110 1147
1111 1112
1111 272
1111 208
1112 224
1112 1111
1112 339
1113 586
1113 874
1113 745
1115 1114
1116 1203
1117 160
1118 1117
1119 387
1119 584
1120 1121
1120 11
1121 1120
1121 768
1122 768
1122 186
1123 293
1123 1124
1124 1125
1125 1169
1126 1127
1127 860
1127 195
1128 880
1129 425
1129 1220
1130 589
1131 1180
1131 427
1132 1133
1132 486
1133 815
1133 1132
1133 507
1136 1137
1136 308
1137 1104
1138 377
1138 431
1138 530
1139 866
1139 981
1139 358
1140 1067
1140 122
1141 367
1141 127
1141 307
1142 273
1142 127
1143 581
1143 283
1143 383
1144 656
1144 659
1146 332
1147 1110
1147 268
1148 1108
1149 1310
1149 1311
1149 1313
1150 1064
1150 526
1151 695
1151 402
1151 1150
1152 444
1152 205
1153 467
1154 1156
1155 1154
1156 816
1156 444
1157 145
1159 1239
1159 1080
1160 513
1160 315
1161 881
1161 1076
1161 1162
1161 578
1162 1161
1162 854
1163 131
1163 1164
1164 541
1165 1075
1165 286
1166 1167
1168 417
1168 489
1168 840
1169 934
1169 1185
1170 1175
1170 1171
1170 1188
1172 1021
1172 1019
1172 1025
1173 906
1173 962
1173 1174
1174 962
1174 916
1174 1173
1175 1170
1175 1176
1175 107
1177 1178
1178 834
1178 833
1178 1177
1179 756
1179 1180
1179 755
1180 1179
1180 195
1180 1131
1181 524
1181 964
1182 479
1182 279
1183 126
1183 536
1183 1182
1184 1010
1184 947
1185 1013
1186 29
1186 1221
1187 1171
1189 530
1189 197
1189 306
1190 232
1191 1101
1192 439
1193 62
1193 56
1194 722
1195 803
1196 394
1198 1199
1198 1199
1199 1198
1199 1198
1199 39
1200 1001
1201 1251
1202 88
1203 1116
1203 251
1203 1115
1204 611
1204 669
1207 474
1207 834
1208 106
1208 1214
1209 773
1209 22
1210 1209
1211 1194
1211 1212
1212 1211
1213 764
1215 128
1216 596
1216 1284
1217 370
1218 119
1219 1220
1221 1280
1222 518
1223 863
1223 1291
1224 1225
1224 629
1225 1219
1226 897
1227 1226
1228 1227
1228 270
1229 77
1230 540
1230 196
1230 303
1232 139
1233 96
1234 648
1235 1053
1235 761
1236 687
1237 272
1237 414
1238 1094
1238 586
1239 1159
1240 843
1242 499
1244 1018
1244 1245
1244 906
1245 1244
1246 714
1246 1247
1247 646
1247 636
1248 466
1248 377
1248 349
1249 569
1249 170
1250 1229
1250 1251
1251 703
1252 1249
1252 213
1253 153
1254 40
1255 374
1255 425
1256 621
1257 933
1258 1259
1259 82
1259 81
1260 1210
1260 19
1261 184
1262 446
1263 64
1264 1263
1264 1262
1265 860
1266 129
1267 1272
1268 1267
1270 698
1272 1166
1273 204
1274 1105
1275 13
1276 614
1276 615
1277 621
1277 1256
1278 1277
1278 158
1280 5
1281 274
1282 1283
1283 1282
1283 63
1285 597
1286 936
1286 1010
1287 21
1288 1322
1289 94
1290 650
1291 459
1291 721
1292 720
1294 1295
1294 67
1295 1294
1296 551
1298 246
1299 124
1301 652
1302 1303
1302 301
1303 207
1303 925
1304 1031
1305 177
1306 715
1307 302
1308 1309
1308 718
1309 1308
1309 1125
1310 623
1311 1149
1312 1313
1312 1310
1313 1312
1315 856
1316 855
1317 297
1317 451
1318 1218
1319 442
1319 819
1319 1320
1320 113
1320 1319
1321 1324
1321 286
1322 598
1322 1288
1323 1321
1324 1322
1325 499
1325 1231
1326 699
1327 898
1328 1044
1329 353
1330 561
